64669
64678
64698
64707
64716
64735
64744
64753
64773
64782
64791
64811
64820
64829
64848
64857
64866
64886
64895
64904
64923
64932
64941
64961
64970
64979
64998
65007
65016
65036
65045
65054
65074
65083
65092
65111
65120
65129
65149
65158
65167
65186
65195
65204
65224
65233
65242
65261
65270
65279
65298
65308
65317
65336
65345
65354
65373
65382
65391
65411
65420
65429
65448
65457
65466
65486
65495
65504
65523
65532
65541
65561
65570
65579
65598
65607
65616
65636
65645
65654
65673
65682
65691
65711
65720
65729
65748
65757
65766
65786
65795
65804
65823
65832
65841
65861
65870
65879
65898
65907
65916
65935
65944
65953
65973
65982
65991
66011
66020
66028
66048
66057
66066
66085
66094
66103
66123
66132
66141
66160
66169
66178
66198
66207
66216
66235
66244
66253
66273
66282
66291
66310
66319
66328
66348
66357
66366
66385
66394
66403
66422
66431
66440
66460
66469
66478
66497
66506
66515
66535
66544
66553
66572
66581
66590
66610
66619
66628
66647
66656
66665
66685
66694
66703
66722
66731
66740
66760
66769
66778
66797
66806
66815
66835
66844
66853
66872
66881
66890
66910
66919
66928
66947
66956
66965
66985
66994
67003
67022
67031
67040
67060
67069
67078
67097
67106
67115
67135
67144
67153
67172
67181
67190
67209
67219
67228
67247
67256
67265
67285
67294
67303
67322
67331
67340
67359
67368
67377
67397
67406
67415
67434
67443
67452
67472
67481
67490
67509
67518
67527
67547
67556
67565
67584
67593
67602
67622
67631
67640
67659
67668
67677
67696
67705
67714
67734
67743
67752
67771
67780
67789
67809
67818
67827
67846
67855
67864
67884
67893
67902
67921
67930
67939
67959
67968
67977
67996
68005
68014
68034
68043
68052
68072
68081
68090
68109
68118
68127
68147
68156
68165
68184
68193
68202
68222
68231
68240
68259
68268
68277
68297
68306
68315
68334
68343
68352
68372
68381
68390
68409
68418
68427
68447
68456
68465
68484
68493
68502
68522
68531
68540
68559
68568
68577
68597
68606
68615
68634
68643
68652
68672
68681
68690
68709
68718
68727
68747
68756
68765
68784
68793
68802
68822
68831
68840
68859
68868
68877
68897
68905
68914
68934
68943
68952
68971
68980
68989
69009
69018
69027
69046
69055
69064
69084
69093
69102
69121
69130
69139
69159
69168
69176
69196
69205
69214
69233
69242
69251
69271
69280
69289
69309
69318
69327
69346
69355
69364
69383
69392
69401
69421
69430
69439
69458
69467
69477
69496
69505
69514
69534
69543
69552
69571
69580
69589
69608
69617
69627
69646
69655
69664
69684
69693
69702
69722
69731
69740
69760
69769
69778
69797
69806
69815
69835
69844
69853
69873
69881
69890
69910
69919
69928
69947
69956
69965
69985
69994
70003
70022
70031
70040
70060
70069
70078
70097
70106
70115
70135
70144
70153
70172
70181
70190
70210
70219
70228
70247
70256
70265
70285
70294
70303
70322
70331
70340
70359
70368
70377
70397
70406
70415
70434
70443
70452
70472
70481
70490
70509
70518
70527
70547
70556
70565
70584
70593
70602
70622
70631
70639
70659
70668
70677
70696
70705
70714
70734
70743
70752
70771
70780
70789
70809
70818
70827
70846
70855
70864
70884
70893
70902
70921
70930
70939
70959
70968
70977
70996
71005
71014
71034
71043
71052
71071
71080
71089
71109
71118
71127
71146
71155
71164
71184
71193
71202
71221
71230
71240
71259
71268
71277
71297
71306
71315
71334
71343
71352
71372
71381
71390
71409
71419
71428
71447
71456
71466
71486
71495
71504
71524
71533
71542
71561
71570
71579
71599
71608
71617
71636
71645
71654
71674
71683
71692
71712
71721
71730
71749
71758
71767
71787
71796
71805
71824
71833
71842
71862
71871
71879
71899
71908
71917
71936
71945
71954
71974
71983
71992
72011
72020
72029
72049
72058
72067
72086
72095
72104
72124
72133
72142
72161
72170
72179
72199
72208
72217
72236
72245
72254
72274
72283
72292
72311
72320
72329
72349
72358
72367
72386
72395
72404
72424
72433
72442
72461
72470
72479
72499
72508
72517
72537
72546
72555
72574
72583
72592
72612
72621
72630
72649
72658
72667
72687
72696
72705
72725
72734
72743
72762
72771
72780
72800
72809
72818
72837
72846
72855
72875
72884
72893
72912
72922
72931
72950
72959
72968
72988
72997
73006
73026
73035
73044
73063
73073
73082
73101
73110
73119
73138
73147
73156
73176
73185
73194
73213
73222
73231
73251
73260
73269
73288
73297
73306
73326
73335
73344
73363
73372
73381
73401
73410
73419
73438
73447
73456
73476
73485
73494
73513
73522
73531
73551
73560
73569
73588
73597
73606
73626
73635
73644
73663
73672
73681
73701
73710
73718
73738
73747
73756
73776
73785
73794
73813
73822
73831
73850
73859
73868
73888
73897